County	Donald J. Trump Michael R. Pence, REP	Joseph R. Biden Kamala D. Harris, DEM	Jo Jorgensen Jeremy Spike Cohen, LIB	Howie Hawkins Angela Nicole Walker, GRE	Don Blankenship William Mohr, CST	WRITE-INS, WI	Kasey Wells Rachel Wells, WI	Jade Simmons Claudeliah J. Roze, WI	Brian Carroll Amar Patel, WI	Gloria LaRiva Sunil Freeman, WI
 	 	 	 	 	 	 	 	 	 	 
Adair	6,391	3,705	157	42	13	29	0	0	0	0
Andrew	7,256	2,351	120	19	7	22	0	0	0	0
Atchison	2,199	564	47	3	1	0	0	0	0	0
Audrain	7,727	2,703	175	27	12	16	0	0	0	0
Barry	12,425	2,948	180	27	18	19	0	0	0	0
Barton	5,168	844	47	13	5	0	0	0	0	0
Bates	6,595	1,672	119	14	13	22	0	0	0	0
Benton	8,106	2,179	150	22	12	9	0	0	0	0
Bollinger	5,162	749	51	13	2	4	0	0	0	0
Boone	38,596	49,999	1,957	312	140	196	0	0	0	0
Buchanan	22,450	13,445	529	127	47	0	0	0	0	0
Butler	14,599	3,301	187	41	8	1	0	0	0	0
Caldwell	3,725	897	50	7	3	14	0	0	0	0
Callaway	14,812	5,868	371	64	20	43	0	0	0	0
Camden	18,825	5,640	254	32	23	0	0	0	0	0
Cape Girardeau	28,873	10,738	519	84	38	134	0	0	0	0
Carroll	3,706	785	32	6	2	9	0	0	0	0
Carter	2,451	418	18	6	4	9	0	0	0	0
Cass	37,172	19,035	907	162	79	196	0	0	0	0
Cedar	5,786	1,143	80	13	17	0	0	0	0	0
Chariton	3,109	916	40	4	5	2	0	0	0	0
Christian	34,904	11,126	638	82	54	10	0	0	0	0
Clark	2,672	678	32	12	0	3	0	0	0	0
Clay	64,583	59,519	2,014	324	178	0	0	0	0	0
Clinton	7,789	2,894	150	30	13	18	0	0	0	0
Cole	26,066	12,687	602	84	47	0	0	0	0	0
Cooper	6,272	2,249	139	24	6	20	0	0	0	0
Crawford	8,725	2,113	102	17	16	0	0	0	0	0
Dade	3,414	656	42	5	2	4	0	0	0	0
Dallas	6,620	1,380	72	21	12	17	0	0	0	0
Daviess	3,077	740	46	4	8	9	0	0	0	0
De Kalb	3,827	930	62	9	14	9	0	0	0	0
Dent	5,987	1,056	81	9	9	0	0	0	0	0
Douglas	5,896	1,012	68	4	14	0	0	0	0	0
Dunklin	8,135	2,200	61	11	12	10	0	0	0	0
Franklin	38,034	14,561	815	148	86	108	0	0	0	0
Gasconade	6,222	1,601	83	10	7	0	0	0	0	0
Gentry	2,580	613	34	1	6	5	0	0	0	0
Greene	81,312	53,307	2,377	416	155	507	0	0	0	0
Grundy	3,585	799	42	8	3	0	0	0	0	0
Harrison	3,198	597	22	7	1	0	0	0	0	0
Henry	8,019	2,615	114	17	11	0	0	0	0	0
Hickory	3,965	1,054	39	13	6	3	0	0	0	0
Holt	1,976	338	23	5	1	1	0	0	0	0
Howard	3,552	1,412	106	14	5	7	0	0	0	0
Howell	15,174	3,214	197	31	21	2	0	0	0	0
Iron	3,596	945	33	11	7	10	0	0	0	0
Jackson	99,731	91,561	3,080	627	311	535	0	0	0	0
Jasper	37,714	13,539	862	155	52	193	0	0	0	0
Jefferson	77,021	37,507	1,633	318	150	14	0	0	0	0
Johnson	15,468	6,961	551	66	39	49	0	0	0	0
Kansas City	26,166	106,470	1,602	632	245	576	0	0	0	0
Knox	1,486	340	26	0	2	2	0	0	0	0
Laclede	13,755	2,779	180	35	34	1	0	0	0	0
Lafayette	12,262	4,470	240	36	30	0	0	0	0	0
Lawrence	14,421	3,214	202	39	24	30	0	0	0	0
Lewis	3,541	984	61	6	5	0	0	0	0	0
Lincoln	21,702	6,553	447	68	44	47	0	0	0	0
Linn	4,344	1,274	68	12	2	9	0	0	0	0
Livingston	5,266	1,409	57	13	10	1	0	0	0	0
Macon	6,075	1,661	78	11	9	9	0	0	0	0
Madison	4,581	1,017	53	13	7	0	0	0	0	0
Maries	3,890	814	50	10	5	5	0	0	0	0
Marion	9,910	3,201	190	28	10	31	0	0	0	0
McDonald	7,465	1,437	114	19	15	12	0	0	0	0
Mercer	1,541	222	13	1	2	3	0	0	0	0
Miller	10,175	2,038	133	19	14	17	0	0	0	0
Mississippi	3,537	1,178	30	7	4	0	0	0	0	0
Moniteau	5,738	1,307	88	8	9	17	0	0	0	0
Monroe	3,466	931	56	8	6	0	0	0	0	0
Montgomery	4,457	1,206	84	12	3	0	0	0	0	0
Morgan	7,439	1,924	98	10	13	0	0	0	0	0
New Madrid	5,447	1,748	43	7	3	19	0	0	0	0
Newton	22,090	5,793	383	51	15	79	0	0	0	0
Nodaway	6,855	2,849	131	25	14	21	0	0	0	0
Oregon	3,847	823	58	2	9	0	0	0	0	0
Osage	6,341	1,031	67	4	6	7	0	0	0	0
Ozark	4,064	752	32	7	9	6	0	0	0	0
Pemiscot	4,116	1,556	45	6	4	0	0	0	0	0
Perry	7,634	1,661	101	18	6	9	0	0	0	0
Pettis	13,835	4,776	380	57	21	1	0	0	0	0
Phelps	13,438	5,619	365	54	19	44	0	0	0	0
Pike	5,856	1,717	92	19	2	0	0	0	0	0
Platte	29,251	28,111	907	168	86	0	0	0	0	0
Polk	11,849	2,883	278	20	29	2	0	0	0	0
Pulaski	10,326	3,735	285	36	23	0	0	0	0	0
Putnam	1,984	361	13	0	3	1	0	0	0	0
Ralls	4,396	1,205	51	7	3	10	0	0	0	0
Randolph	8,018	2,485	200	25	14	15	0	0	0	0
Ray	8,328	3,107	144	28	21	26	0	0	0	0
Reynolds	2,733	529	24	8	4	0	0	0	0	0
Ripley	4,838	833	34	7	4	0	0	0	0	0
Saline	6,447	2,903	135	23	6	0	0	0	0	0
Schuyler	1,606	373	20	3	1	0	0	0	0	0
Scotland	1,560	387	25	7	4	2	0	0	0	0
Scott	13,769	3,753	156	29	11	30	0	0	0	0
Shannon	3,164	706	24	8	3	3	0	0	0	0
Shelby	2,699	592	46	8	4	6	0	0	0	0
St. Charles	128,193	89,346	3,308	525	229	574	0	0	0	0
St. Clair	3,930	988	43	7	4	0	0	0	0	0
St. Francois	20,506	7,044	337	73	36	64	0	0	0	0
St. Louis	196,808	322,802	6,042	1,627	796	0	0	0	0	0
St. Louis City	21,185	108,385	1,471	590	134	574	0	0	0	0
Ste. Genevieve	6,627	2,713	111	14	16	0	0	0	0	0
Stoddard	11,460	1,814	99	16	8	13	0	0	0	0
Stone	14,716	3,486	145	22	9	37	0	0	0	0
Sullivan	1,974	478	14	2	3	2	0	0	0	0
Taney	20,426	5,325	326	67	29	67	0	0	0	0
Texas	9,478	1,716	93	14	14	17	0	0	0	0
Vernon	7,135	1,902	110	12	5	9	0	0	0	0
Warren	13,222	4,769	322	42	18	0	0	0	0	0
Washington	8,046	1,804	94	21	6	17	0	0	0	0
Wayne	4,984	844	36	4	6	6	0	0	0	0
Webster	14,874	3,572	254	33	39	0	0	0	0	0
Worth	877	215	14	0	1	0	0	0	0	0
Wright	7,452	1,167	94	15	9	12	0	0	0	0

